----Clarke-Wright Saving----
A-n32-k5
Gap 0.280 (Opt 784)
Use 7 vehicles. Total length 1003.
1	load 90,	13	2	14	8	17
2	load 90,	15	23	10	9	12	5	29	19	7
3	load 92,	24	3	4	18	20	22	27
4	load 24,	25
5	load 91,	28	30	16	11	26	6	21
6	load 14,	31
7	load 9,	32
------------
A-n33-k5
Gap 0.223 (Opt 661)
Use 7 vehicles. Total length 808.
1	load 85,	3	21	14	5	16
2	load 96,	9	8	27	6	28	26	31
3	load 95,	12	19	30	2	22	15	20	7	25
4	load 95,	17	4	10	18	11	13
5	load 48,	23	29	24
6	load 24,	32
7	load 3,	33
------------
A-n33-k6
Gap 0.130 (Opt 742)
Use 8 vehicles. Total length 838.
1	load 81,	6	9	4	5	27	23
2	load 97,	7	8	3	16	10	21	20
3	load 91,	13	22
4	load 77,	15	18	30	12	11
5	load 96,	24	25	14	19	2
6	load 75,	29	28	31	17	26
7	load 2,	32
8	load 22,	33
------------
A-n34-k5
Gap 0.235 (Opt 778)
Use 7 vehicles. Total length 960.
1	load 79,	6	31	25	30	15
2	load 99,	7	9	2	24	28
3	load 92,	8	16	12	20	18	26	32	29
4	load 83,	11	14	22	21	5	27
5	load 91,	19	3	10	4	13	23	17
6	load 15,	33
7	load 1,	34
------------
A-n36-k5
Gap 0.361 (Opt 799)
Use 7 vehicles. Total length 1087.
1	load 95,	2	23	33	14	18	31	30	34	19	22
2	load 94,	6	21	10	29	15	16
3	load 58,	11	8	27
4	load 99,	13	32	20	5	4	7	24	3	9
5	load 62,	17	12	25	28	26
6	load 23,	35
7	load 11,	36
------------
A-n37-k5
Gap 0.230 (Opt 669)
Use 6 vehicles. Total length 822.
1	load 95,	2	13	14	23	5	8
2	load 99,	4	25	10	12	28	9	26	19	27	32	29	33	30
3	load 74,	22	17	16	31	35
4	load 99,	18	15	24	21	20	3	7	11	6	34
5	load 20,	36
6	load 20,	37
------------
A-n37-k6
Gap 0.093 (Opt 949)
Use 7 vehicles. Total length 1037.
1	load 100,	5	27	22	2	4	6	9	21
2	load 92,	12	13	23	24	29	3	10	34
3	load 98,	19	35	20	32	18	14
4	load 97,	28	26	33	16	31	11
5	load 96,	30	7	15	8	17	25
6	load 66,	36
7	load 21,	37
------------
A-n38-k5
Gap 0.206 (Opt 730)
Use 7 vehicles. Total length 880.
1	load 97,	8	6	12	28	23	32	29
2	load 69,	10	15	33	21
3	load 95,	11	31	30	35	19
4	load 93,	22	27	13	4	2	5	17	26	7	20
5	load 99,	25	3	16	14	18	34	36	24	9
6	load 14,	37
7	load 14,	38
------------
A-n39-k5
Gap 0.326 (Opt 822)
Use 7 vehicles. Total length 1089.
1	load 71,	5	9	12	27	7	31	22
2	load 100,	15	20	26	34	13	10	19
3	load 100,	18	25	35	28	37	29	14
4	load 94,	24	21	30	6	33	11	16
5	load 99,	32	2	17	8	4	23	36	3
6	load 4,	38
7	load 7,	39
------------
A-n39-k6
Gap 0.205 (Opt 831)
Use 8 vehicles. Total length 1001.
1	load 96,	2	37	18	24	22	19	23	35	33
2	load 37,	7	12
3	load 100,	13	32	15	36	26	3	9	8	21	31
4	load 88,	14	16
5	load 95,	27	6	29	10	30	4	25
6	load 98,	28	11	17	5	20	34
7	load 10,	38
8	load 2,	39
------------
A-n44-k6
Gap 0.323 (Opt 937)
Use 8 vehicles. Total length 1239.
1	load 70,	3	32	9	8
2	load 93,	5	18	20	28	29	16
3	load 87,	7	23	37	10	39	14	15	42
4	load 99,	12	17	21	19	36	2	31
5	load 93,	13	40	24	41	30	26	4
6	load 96,	34	25	6	22	33	38	11	27	35
7	load 14,	43
8	load 18,	44
------------
A-n45-k6
Gap 0.130 (Opt 944)
Use 8 vehicles. Total length 1066.
1	load 88,	2	15	36	32	39
2	load 97,	7	25	38	28	30
3	load 100,	10	23	17	5	43	37	40	13
4	load 96,	24	4	11	9	42	34	22	6	21
5	load 94,	27	19	18	12	41	31	20	35
6	load 88,	29	8	14	33	16	26	3
7	load 18,	44
8	load 12,	45
------------
A-n45-k7
Gap 0.287 (Opt 1146)
Use 9 vehicles. Total length 1474.
1	load 96,	3	7	4	12	34	23	15
2	load 94,	9	16	43	2	38	31	6
3	load 86,	13	29	5	27	35
4	load 96,	22	25	11	26	24	18	39
5	load 99,	28	42	30	20	37	32
6	load 90,	41	8	21	17	10	33	14	19
7	load 28,	36	40
8	load 21,	44
9	load 24,	45
------------
A-n46-k7
Gap 0.182 (Opt 914)
Use 9 vehicles. Total length 1080.
1	load 100,	6	11	26	19	36	13	20
2	load 29,	10	18
3	load 94,	12	9	34	43	25	17	16
4	load 97,	15	27	14	44	7	24
5	load 100,	22	42	30	32	35	41	2	28	21	29
6	load 75,	37	40	23	8	4	33
7	load 85,	39	5	31	3	38
8	load 21,	45
9	load 2,	46
------------
A-n48-k7
Gap 0.241 (Opt 1073)
Use 9 vehicles. Total length 1331.
1	load 100,	8	4	21	27	40	9	16	28
2	load 65,	13	45	36	19
3	load 40,	15	18	42
4	load 94,	24	44	32	6	2	7
5	load 96,	33	37	38	26	20	39	23
6	load 99,	35	10	43	12	5	14	25	31	22	30	34
7	load 98,	41	46	29	11	3	17
8	load 18,	47
9	load 16,	48
------------
A-n53-k7
Gap 0.216 (Opt 1010)
Use 9 vehicles. Total length 1227.
1	load 86,	2	47	9	36	32
2	load 77,	4	34	7	21
3	load 100,	5	8	17	33	16	20	24	44	43	51	37	50	30	45
4	load 98,	26	22	35	14	12	25	42
5	load 99,	31	38	3	49	46	13	23	29
6	load 96,	39	19	41	27	11	28
7	load 90,	40	6	15	18	10	48
8	load 5,	52
9	load 13,	53
------------
A-n54-k7
Gap 0.157 (Opt 1167)
Use 9 vehicles. Total length 1349.
1	load 98,	11	27	46	22	34	10	39
2	load 99,	13	38	49	41	32	9	20
3	load 100,	24	21	30	2	37	50	40	51	8	6
4	load 91,	31	35	42	48	26	7	17
5	load 96,	36	16	18	45	4	23	12	14
6	load 56,	44	5	29	19
7	load 84,	47	52	25	43	15	3	28	33
8	load 9,	53
9	load 36,	54
------------
A-n55-k9
Gap 0.164 (Opt 1073)
Use 11 vehicles. Total length 1249.
1	load 96,	7	46	2	30
2	load 99,	9	33	39	17	41	6	11	13
3	load 86,	15	47	21	27	32	43
4	load 89,	18	3	52	12	16	37
5	load 95,	19	51	49	45	25	53	24
6	load 98,	22	34	35	4	38
7	load 68,	26	42	5	8
8	load 86,	31	23	20	28	14	29
9	load 99,	48	40	50	10	36	44
10	load 11,	54
11	load 12,	55
------------
A-n60-k9
Gap 0.111 (Opt 1408)
Use 11 vehicles. Total length 1564.
1	load 100,	3	2	49	23	37	31	50
2	load 94,	11	55	6	43	46
3	load 92,	17	47	41	26	15	53	39	34
4	load 92,	19	20	8	14	9	40	51
5	load 100,	21	4	12	5	22	7	24	48
6	load 100,	35	25	29	45	54	32
7	load 98,	36	44	57	13	52	10	33
8	load 21,	42
9	load 100,	56	16	27	28	18	38	58	30
10	load 9,	59
11	load 23,	60
------------
A-n61-k9
Gap 0.169 (Opt 1035)
Use 12 vehicles. Total length 1209.
1	load 93,	3	47	55	6	9	41
2	load 91,	4	39	11
3	load 89,	10	35	36	19	49	17	2
4	load 100,	13	23	44	5	27	33	43	34
5	load 21,	14	51
6	load 84,	15	8	24	56
7	load 86,	16	31	38	46	50
8	load 98,	18	58	53	32	12	45	29	40
9	load 100,	20	25	54	42	7	21	26
10	load 99,	52	48	57	28	22	37	30	59
11	load 9,	60
12	load 15,	61
------------
A-n62-k8
Gap 0.188 (Opt 1290)
Use 10 vehicles. Total length 1532.
1	load 94,	8	21	7	33	58	56	27	60	35	6	15	29
2	load 93,	16	39	20	49	57
3	load 48,	17	37	53
4	load 99,	25	4	40	28	24	42	22	5	12	32
5	load 99,	26	2	10	55	43	48	46
6	load 99,	50	36	34	59	18	51
7	load 97,	52	11	9	44	30	41
8	load 95,	54	13	14	19	31	47	3	45	23	38
9	load 2,	61
10	load 7,	62
------------
A-n63-k10
Gap 0.135 (Opt 1315)
Use 12 vehicles. Total length 1492.
1	load 100,	11	20	43	4	6	19	50	54
2	load 58,	18	26	16
3	load 96,	21	29	14	27	5	39
4	load 97,	25	47	61
5	load 91,	32	45	35	12	48	33	58
6	load 98,	38	9	36	28	7	30
7	load 84,	41	57	55	17	24	22
8	load 90,	49	37	31	44	53
9	load 96,	51	52	59	23	56	34	8
10	load 99,	60	46	40	2	42	3	10	13	15
11	load 17,	62
12	load 6,	63
------------
A-n63-k9
Gap 0.207 (Opt 1634)
Use 11 vehicles. Total length 1972.
1	load 100,	7	38	18	36	52	58	51
2	load 93,	8	14	35	3	31	30	55
3	load 97,	11	40	24	49	37	61
4	load 76,	12	34	21	27
5	load 96,	20	6	46	28	60	25	9	50
6	load 97,	26	43	10	42	4	17
7	load 100,	29	23	56	33	59	15	41	22
8	load 90,	45	54	13	16	57
9	load 97,	53	48	5	19	2	47	32	39	44
10	load 19,	62
11	load 8,	63
------------
A-n64-k9
Gap 0.218 (Opt 1402)
Use 11 vehicles. Total length 1707.
1	load 35,	7	57
2	load 98,	10	55	6	59	3	48	47	9
3	load 99,	11	42	53	14	62	25	17	61	33	43
4	load 85,	19	39	58	12	16
5	load 97,	21	20	52	4	54
6	load 96,	24	35	5	56	50	15	28
7	load 84,	26	30	34	49
8	load 98,	38	60	32	51	45	40	41	37	8	22	27	36	2
9	load 94,	46	31	18	44	29	13	23
10	load 54,	63
11	load 8,	64
------------
A-n65-k9
Gap 0.161 (Opt 1177)
Use 11 vehicles. Total length 1366.
1	load 97,	5	31	38	36	37	4	15
2	load 92,	6	54	45	57	22
3	load 100,	13	14	20	25	53	11	9	26
4	load 98,	16	23	10	28	44	50
5	load 75,	18	63	29	56
6	load 96,	30	19	60	41	59	21	33
7	load 91,	40	8	12	55	49	58	24	2	34
8	load 99,	46	62	43	39	3	17	42	51	61
9	load 92,	52	47	7	27	32	35	48
10	load 23,	64
11	load 14,	65
------------
A-n69-k9
Gap 0.122 (Opt 1168)
Use 11 vehicles. Total length 1310.
1	load 98,	14	36	46	21	42	60	9	40	41
2	load 99,	17	49	37	2	11	18	33	38
3	load 79,	20	24	54	19	32
4	load 89,	27	51	63	57	39	30
5	load 60,	29	8	22	62	65
6	load 92,	35	48	5	61	56	66	28
7	load 100,	44	53	13	23	25
8	load 92,	58	43	15	26	12	64	47	6	55
9	load 94,	59	67	45	16	4	7	52	31	10	50	34	3
10	load 24,	68
11	load 18,	69
------------
A-n80-k10
Gap 0.228 (Opt 1764)
Use 12 vehicles. Total length 2165.
1	load 76,	2	8	22	41
2	load 95,	11	72	64	12	24	6	30
3	load 95,	15	53	25	7	31	60	28	32	18
4	load 100,	29	49	19	3	38	9	35
5	load 100,	34	48	57	70	66	36	27	20	58	62	17	44	69
6	load 92,	37	39	67	68	54	4	78	52
7	load 100,	47	21	76	26	42	16	56	10	55	73
8	load 60,	50	74	43	14
9	load 99,	65	40	61	75	13	45	63
10	load 99,	71	77	51	46	23	5	33	59
11	load 2,	79
12	load 24,	80
------------

----Summary----
t(ms)	gap	nVeh	sumL
0	0.280	7	1003
0	0.223	7	808
0	0.130	8	838
0	0.235	7	960
0	0.361	7	1087
0	0.230	6	822
0	0.093	7	1037
0	0.206	7	880
0	0.326	7	1089
0	0.205	8	1001
0	0.323	8	1239
16	0.130	8	1066
0	0.287	9	1474
0	0.182	9	1080
0	0.241	9	1331
0	0.216	9	1227
0	0.157	9	1349
0	0.164	11	1249
0	0.111	11	1564
0	0.169	12	1209
0	0.188	10	1532
0	0.135	12	1492
0	0.207	11	1972
0	0.218	11	1707
0	0.161	11	1366
0	0.122	11	1310
0	0.228	12	2165

----Average----
0.6	0.205	9.0	1254.5
