----Nearest Neighbour----
A-n32-k5
Gap 0.163 (Opt 784)
Use 5 vehicles. Total length 911.
1	load 91,	30	16	11	26	6	21	28
2	load 96,	22	32	20	18	14	8
3	load 89,	23	10	19	9	29	5	12	24	4
4	load 77,	31	27	17	13	2	15
5	load 57,	7	3	25
------------
A-n33-k5
Gap 0.195 (Opt 661)
Use 5 vehicles. Total length 789.
1	load 78,	24	29	19	12	7	25
2	load 94,	6	28	26	31	11	13
3	load 94,	2	22	15	20	32	30	17	4
4	load 96,	8	27	9	14	33	21	5	16
5	load 84,	23	3	10	18
------------
A-n33-k6
Gap 0.212 (Opt 742)
Use 7 vehicles. Total length 899.
1	load 96,	24	25	23	27	5	9
2	load 95,	7	19	2	14	6	8
3	load 83,	3	16	21	10	4	20
4	load 79,	32	29	33	11	15	18
5	load 43,	30	12
6	load 91,	13	22
7	load 54,	17	31	28	26
------------
A-n34-k5
Gap 0.139 (Opt 778)
Use 5 vehicles. Total length 886.
1	load 92,	17	23	10	13	4	3	19	34
2	load 87,	2	28	24	12	9	16
3	load 97,	26	32	29	18	20	7
4	load 86,	15	8	30	31	25	6
5	load 98,	27	21	5	11	14	22	33
------------
A-n36-k5
Gap 0.258 (Opt 799)
Use 5 vehicles. Total length 1005.
1	load 94,	31	18	30	34	19	22	23	33	14
2	load 96,	6	21	27	11	8
3	load 87,	5	20	32	4	7	13	29
4	load 93,	35	15	10	24	3	36	9
5	load 72,	26	12	25	28	2	17	16
------------
A-n37-k5
Gap 0.499 (Opt 669)
Use 5 vehicles. Total length 1002.
1	load 91,	5	8	17	22	16	35	37
2	load 99,	34	6	14	23	2	13	18	15
3	load 94,	9	28	10	25	24	21	20	3	11
4	load 91,	12	4	31	27	29	32	33	30	36	19
5	load 32,	26	7
------------
A-n37-k6
Gap 0.228 (Opt 949)
Use 7 vehicles. Total length 1165.
1	load 97,	5	19	18	35	32	20	27
2	load 99,	36	26	28	33
3	load 83,	21	7	15	8	17	25
4	load 97,	2	4	6	9	34	10	22
5	load 90,	14	31	16	11
6	load 86,	13	23	24	29	3	12	37
7	load 18,	30
------------
A-n38-k5
Gap 0.301 (Opt 730)
Use 6 vehicles. Total length 949.
1	load 91,	19	20	35	30	7	26
2	load 95,	11	31	22	10	25	15	3
3	load 89,	2	4	13	27	24	36	34	9
4	load 95,	5	17	38	32	29	8	6	23
5	load 98,	33	21	28	12	14	37	18
6	load 13,	16
------------
A-n39-k5
Gap 0.469 (Opt 822)
Use 6 vehicles. Total length 1207.
1	load 91,	27	18	12	9	10	19	13	34
2	load 98,	16	39	2	32	24	21	30	6	17	33
3	load 78,	3	11	8	4	23
4	load 90,	22	15	5	20	26	31	14	29
5	load 90,	37	7	28	35	25
6	load 28,	36	38
------------
A-n39-k6
Gap 0.239 (Opt 831)
Use 7 vehicles. Total length 1029.
1	load 56,	27	6	25	16
2	load 96,	13	39	38	32	15	3	9	8	20
3	load 98,	26	36	34	5	17	11	28
4	load 88,	21	31	14
5	load 86,	22	24	2	37	18	7	12
6	load 96,	19	23	35	33	4	30	29
7	load 6,	10
------------
A-n44-k6
Gap 0.157 (Opt 937)
Use 6 vehicles. Total length 1083.
1	load 97,	32	9	16	29	28	20
2	load 92,	41	30	44	10	37	23	7
3	load 97,	2	36	19	21	17	12	11	27
4	load 99,	8	25	34	6	22	33	38	43	40	13
5	load 96,	15	42	3	39	14	26	4
6	load 89,	35	5	18	24	31
------------
A-n45-k6
Gap 0.387 (Opt 944)
Use 7 vehicles. Total length 1309.
1	load 95,	17	5	43	23	16	26	3
2	load 95,	41	20	31	12	35	38	25
3	load 96,	2	45	7	27	30	44
4	load 95,	8	29	33	14	21	4
5	load 93,	40	37	13	10	24	39	15	36
6	load 95,	19	18	28	6	22	34	42	9
7	load 24,	11	32
------------
A-n45-k7
Gap 0.267 (Opt 1146)
Use 7 vehicles. Total length 1452.
1	load 95,	17	21	8	19	14	33	36	40
2	load 87,	23	6	34	45
3	load 93,	30	32	20	37	31
4	load 93,	27	35	22	5	7	29	4
5	load 77,	26	24	43	16	11
6	load 91,	28	42	44	12	25	15
7	load 98,	18	39	9	10	3	13	41	2	38
------------
A-n46-k7
Gap 0.246 (Opt 914)
Use 7 vehicles. Total length 1139.
1	load 87,	41	35	32	30	42	21	28	2
2	load 83,	43	17	25	34	9	12	20
3	load 84,	3	38	31	5
4	load 92,	33	6	37	40	23	4	8	11
5	load 92,	45	26	19	36	13
6	load 98,	44	7	15	27	14	39	24
7	load 67,	18	29	10	46	22	16
------------
A-n48-k7
Gap 0.415 (Opt 1073)
Use 8 vehicles. Total length 1518.
1	load 80,	48	17	11	3
2	load 79,	25	5	14	31	22	30	10	35	46	8
3	load 97,	21	27	40	9	16	28	43
4	load 78,	37	33	23	7	2
5	load 92,	45	19	36	24	44	32	6
6	load 87,	18	15	42	29	34	47
7	load 99,	4	38	20	39	26	41	13
8	load 14,	12
------------
A-n53-k7
Gap 0.259 (Opt 1010)
Use 8 vehicles. Total length 1271.
1	load 91,	29	23	5	2	52	28	9	47
2	load 91,	26	40	4	6	15	22	35
3	load 84,	17	33	20	16	24	44	43
4	load 97,	39	19	41	27	11	30	50	37	3
5	load 98,	51	38	31	45	36	32	21	7
6	load 99,	49	46	13	8	18	42	12
7	load 74,	25	53	14	10	48
8	load 30,	34
------------
A-n54-k7
Gap 0.361 (Opt 1167)
Use 8 vehicles. Total length 1588.
1	load 95,	45	54	4	23
2	load 98,	46	27	18	2	37	50	40	51
3	load 99,	20	9	32	41	49	38	13
4	load 95,	43	52	25	47	42	26	48	35	53	31
5	load 94,	28	15	3	14	12	39	10
6	load 86,	5	44	17	7	33	36	16
7	load 79,	21	24	30	11	8	6	29	19	34
8	load 23,	22
------------
A-n55-k9
Gap 0.256 (Opt 1073)
Use 10 vehicles. Total length 1347.
1	load 94,	5	8	43	32	27	47	15
2	load 91,	53	25	24	55	14	28
3	load 85,	21	4	18	35	34
4	load 98,	42	26	30	19	49	51	45
5	load 94,	9	22	13	33	11	6
6	load 79,	50	10	36	44
7	load 96,	7	46	2	48
8	load 97,	16	12	3	52	38	37
9	load 94,	17	39	41	54	40	29	20	23
10	load 11,	31
------------
A-n60-k9
Gap 0.192 (Opt 1408)
Use 10 vehicles. Total length 1678.
1	load 93,	44	57	13	33	10	52
2	load 94,	11	23	6	55	46
3	load 92,	31	50	45	29	32	3	25	59
4	load 94,	17	21	26	47	41	12	5	22	7
5	load 91,	37	2	49	43	51
6	load 93,	58	38	18	28	9	14
7	load 87,	42	19	34	53	20	60	39
8	load 81,	15	48	24	35	36	56	16
9	load 83,	30	8	27	40	4
10	load 21,	54
------------
A-n61-k9
Gap 0.320 (Opt 1035)
Use 10 vehicles. Total length 1366.
1	load 92,	41	26	21	7	42	9	54
2	load 84,	12	61	29	45	2
3	load 96,	33	43	34	8	24	15
4	load 99,	40	10	52	35	17	49	36	19	48	57
5	load 86,	53	58	18	14	51	13	23	5
6	load 85,	32	56	20	25	4
7	load 88,	11	39	60
8	load 80,	28	22	30	37	6	3
9	load 92,	27	44	31	16	50
10	load 83,	55	47	46	38	59
------------
A-n62-k8
Gap 0.241 (Opt 1290)
Use 8 vehicles. Total length 1600.
1	load 96,	56	60	27	34	59	18	51
2	load 98,	61	6	15	14	39	20	13	49	54	57	21
3	load 91,	46	47	31	19	2	55	10	12
4	load 92,	9	44	30	62	41	7	33
5	load 89,	28	40	25	4	43
6	load 85,	52	11	8	29	16	53	37
7	load 95,	3	45	23	38	17	48
8	load 87,	24	42	22	5	50	36	26	32	35	58
------------
A-n63-k10
Gap 0.293 (Opt 1315)
Use 11 vehicles. Total length 1700.
1	load 85,	61	47
2	load 97,	42	2	15	54	50	16	26	41	30
3	load 97,	49	37	53	31	5
4	load 84,	46	40	4	43	20	6	19	60	11
5	load 96,	18	63	51	21	27	14	29
6	load 83,	55	62	22	8	25	24	38
7	load 78,	35	12	48	45	52	59	23
8	load 96,	17	9	36	28	7
9	load 97,	33	58	32	57	39
10	load 84,	3	10	13	34
11	load 35,	56	44
------------
A-n63-k9
Gap 0.183 (Opt 1634)
Use 10 vehicles. Total length 1933.
1	load 97,	61	14	26	21	8	57	16
2	load 88,	27	20	12	34	45
3	load 97,	52	36	18	23	29	13
4	load 99,	42	43	10	39	32	44
5	load 82,	4	49	37	50	9
6	load 97,	22	56	33	59	41	15	51	38
7	load 89,	40	24	53	63	48	5	19	47	2
8	load 91,	25	60	28	46	6	3
9	load 96,	11	7	58	54	17	62	35	31
10	load 37,	55	30
------------
A-n64-k9
Gap 0.234 (Opt 1402)
Use 10 vehicles. Total length 1730.
1	load 99,	59	3	64	47	9	17	61	25	62
2	load 99,	60	32	56	50	40	45	22	27	36	15
3	load 88,	18	2	44	29	13	23
4	load 85,	4	54	63
5	load 97,	24	38	35	5	6	55
6	load 84,	34	49	46	16	12
7	load 93,	10	20	52	21	43	33
8	load 95,	11	42	57	53	14	7	26	30
9	load 96,	19	39	58	31	28	51	37	41	8
10	load 12,	48
------------
A-n65-k9
Gap 0.340 (Opt 1177)
Use 10 vehicles. Total length 1577.
1	load 86,	47	65	7	27	32	35
2	load 95,	63	29	24	58	49	12	64	8
3	load 91,	52	18	48	44	50	6	46
4	load 96,	42	17	51	61	31	38
5	load 89,	15	28	16	23	10	4
6	load 76,	22	26	54	45
7	load 79,	57	60	9	11	53
8	load 89,	55	40	30	56	19	20	14	13
9	load 86,	3	39	43	62	21	59	33
10	load 90,	41	25	2	34	5	36	37
------------
A-n69-k9
Gap 0.263 (Opt 1168)
Use 10 vehicles. Total length 1474.
1	load 72,	17	51	38	6	47	55	27
2	load 91,	29	35	15	43	58	12	64	18
3	load 99,	54	19	32	20	25	44	53
4	load 88,	56	61	5	48	66	28	8
5	load 99,	3	65	62	68	22	26	33	11	2
6	load 93,	57	40	9	60	21	42	69
7	load 89,	37	49	63	41	39	30
8	load 95,	36	46	14	45	16	4	52	7	31
9	load 92,	67	59	23	13	24
10	load 27,	10	34	50
------------
A-n80-k10
Gap 0.269 (Opt 1764)
Use 11 vehicles. Total length 2237.
1	load 99,	64	12	35	25	7	31	60
2	load 99,	20	48	57	70	66	36	27	58	62	17	44	69
3	load 88,	2	8	22	41	14
4	load 86,	26	42	47	65	34	16	56	10	55	73
5	load 91,	15	72	11	63	24	45	13	6
6	load 91,	71	67	68	54	52	78	4	75	30
7	load 92,	40	61	18	32	28	79	21	76	9
8	load 89,	46	23	33	51	77	59
9	load 93,	38	3	80	29	53	49
10	load 88,	74	50	37	43	39	5
11	load 26,	19
------------

----Summary----
t(ms)	gap	nVeh	sumL
0	0.163	5	911
0	0.195	5	789
0	0.212	7	899
0	0.139	5	886
0	0.258	5	1005
0	0.499	5	1002
0	0.228	7	1165
0	0.301	6	949
0	0.469	6	1207
0	0.239	7	1029
0	0.157	6	1083
0	0.387	7	1309
0	0.267	7	1452
0	0.246	7	1139
0	0.415	8	1518
0	0.259	8	1271
0	0.361	8	1588
0	0.256	10	1347
0	0.192	10	1678
0	0.320	10	1366
0	0.241	8	1600
0	0.293	11	1700
0	0.183	10	1933
0	0.234	10	1730
0	0.340	10	1577
0	0.263	10	1474
0	0.269	11	2237

----Average----
0.0	0.274	7.7	1328.0
